Throughput | Retd. Instructions | L3 Misses | L2 Misses | L1 Misses | Displacement
7612319 0 0 0 0 0
7648183 0 0 0 0 0
7682674 0 0 0 0 0
7703329 0 0 0 0 0
7733593 0 0 0 0 0
8419351 0 0 0 0 0
9849693 0 0 0 0 0
9825402 0 0 0 0 0
9834195 0 0 0 0 0
9864170 0 0 0 0 0
9419832 0 0 0 0 0
7806157 0 0 0 0 0
7676659 0 0 0 0 0
7758614 0 0 0 0 0
7727497 0 0 0 0 0
7717657 0 0 0 0 0
8082571 0 0 0 0 0
9779090 0 0 0 0 0
9854449 0 0 0 0 0
9878299 0 0 0 0 0
9885623 0 0 0 0 0
9919454 0 0 0 0 0
9905207 0 0 0 0 0
9960456 0 0 0 0 0
9916798 0 0 0 0 0
9950446 0 0 0 0 0
9938678 0 0 0 0 0
9928416 0 0 0 0 0
9917879 0 0 0 0 0
9944509 0 0 0 0 0
9513933 0 0 0 0 0
9941444 0 0 0 0 0
9913553 0 0 0 0 0
9912865 0 0 0 0 0
9883180 0 0 0 0 0
9913553 0 0 0 0 0
9864170 0 0 0 0 0
9933544 0 0 0 0 0
9907660 0 0 0 0 0
9921816 0 0 0 0 0
9893056 0 0 0 0 0
9905599 0 0 0 0 0
9924967 0 0 0 0 0
9376728 0 0 0 0 0
8926578 0 0 0 0 0
9823568 0 0 0 0 0
9902362 0 0 0 0 0
9940851 0 0 0 0 0
9866798 0 0 0 0 0
9842616 0 0 0 0 0
